9.999999998568519510e-01 1.692028700798879027e-05 0.000000000000000000e+00 -8.000000000000000000e+00 -1.692028700798879027e-05 9.999999998568519510e-01 0.000000000000000000e+00 4.999999999999999112e+00 0.000000000000000000e+00 0.000000000000000000e+00 1.000000000000000000e+00 0.000000000000000000e+00
9.974544177274364820e-01 -7.130697410506738054e-02 0.000000000000000000e+00 -8.008592543122663443e+00 7.130697410506738054e-02 9.974544177274364820e-01 0.000000000000000000e+00 4.602375709948980820e+00 0.000000000000000000e+00 0.000000000000000000e+00 1.000000000000000000e+00 0.000000000000000000e+00
9.895161798813758569e-01 -1.444220542471566504e-01 0.000000000000000000e+00 -7.985089333285920077e+00 1.444220542471566504e-01 9.895161798813758569e-01 0.000000000000000000e+00 4.205896925106899609e+00 0.000000000000000000e+00 0.000000000000000000e+00 1.000000000000000000e+00 0.000000000000000000e+00
9.593603442768346978e-01 -2.821838582007009100e-01 0.000000000000000000e+00 -7.882039758197135981e+00 2.821838582007009100e-01 9.593603442768346978e-01 0.000000000000000000e+00 3.881998635693826305e+00 0.000000000000000000e+00 0.000000000000000000e+00 1.000000000000000000e+00 0.000000000000000000e+00
9.228464403257345960e-01 -3.851680770496437312e-01 0.000000000000000000e+00 -7.716997358615753200e+00 3.851680770496437312e-01 9.228464403257345960e-01 0.000000000000000000e+00 3.571670440273222891e+00 0.000000000000000000e+00 0.000000000000000000e+00 1.000000000000000000e+00 0.000000000000000000e+00
8.530222075302965612e-01 -5.218746146922070839e-01 0.000000000000000000e+00 -7.552553532430833272e+00 5.218746146922070839e-01 8.530222075302965612e-01 0.000000000000000000e+00 3.109618143065497442e+00 0.000000000000000000e+00 0.000000000000000000e+00 1.000000000000000000e+00 0.000000000000000000e+00
8.726977366434294225e-01 -4.882608528823865757e-01 0.000000000000000000e+00 -7.155212295955182711e+00 4.882608528823865757e-01 8.726977366434294225e-01 0.000000000000000000e+00 2.732678805439533232e+00 0.000000000000000000e+00 0.000000000000000000e+00 1.000000000000000000e+00 0.000000000000000000e+00
8.626437105854363185e-01 -5.058120486775596891e-01 0.000000000000000000e+00 -6.890691210131934419e+00 5.058120486775596891e-01 8.626437105854363185e-01 0.000000000000000000e+00 2.334153215248916613e+00 0.000000000000000000e+00 0.000000000000000000e+00 1.000000000000000000e+00 0.000000000000000000e+00
7.779111389684776334e-01 -6.283742991790528531e-01 0.000000000000000000e+00 -6.618257823152401187e+00 6.283742991790528531e-01 7.779111389684776334e-01 0.000000000000000000e+00 2.002321941284639806e+00 0.000000000000000000e+00 0.000000000000000000e+00 1.000000000000000000e+00 0.000000000000000000e+00
7.111529899848282321e-01 -7.030372855230644369e-01 0.000000000000000000e+00 -6.327622690582396459e+00 7.030372855230644369e-01 7.111529899848282321e-01 0.000000000000000000e+00 1.592899777123865990e+00 0.000000000000000000e+00 0.000000000000000000e+00 1.000000000000000000e+00 0.000000000000000000e+00
6.746805818076319072e-01 -7.381098241669158400e-01 0.000000000000000000e+00 -5.930965474443702590e+00 7.381098241669158400e-01 6.746805818076319072e-01 0.000000000000000000e+00 1.346385075738275150e+00 0.000000000000000000e+00 0.000000000000000000e+00 1.000000000000000000e+00 0.000000000000000000e+00
7.615892434090555385e-01 -6.480600468503072698e-01 0.000000000000000000e+00 -5.688108653486691146e+00 6.480600468503072698e-01 7.615892434090555385e-01 0.000000000000000000e+00 1.031905103158298198e+00 0.000000000000000000e+00 0.000000000000000000e+00 1.000000000000000000e+00 0.000000000000000000e+00
7.316212110408357727e-01 -6.817113784844293090e-01 0.000000000000000000e+00 -5.343064691750488038e+00 6.817113784844293090e-01 7.316212110408357727e-01 0.000000000000000000e+00 7.687216887387360309e-01 0.000000000000000000e+00 0.000000000000000000e+00 1.000000000000000000e+00 0.000000000000000000e+00
6.908082433450133397e-01 -7.230380148557729036e-01 0.000000000000000000e+00 -5.077308844609174088e+00 7.230380148557729036e-01 6.908082433450133397e-01 0.000000000000000000e+00 2.528586763421578065e-01 0.000000000000000000e+00 0.000000000000000000e+00 1.000000000000000000e+00 0.000000000000000000e+00
5.464778165399803989e-01 -8.374735793024730146e-01 0.000000000000000000e+00 -4.748931509804636519e+00 8.374735793024730146e-01 5.464778165399803989e-01 0.000000000000000000e+00 1.443246170198770884e-01 0.000000000000000000e+00 0.000000000000000000e+00 1.000000000000000000e+00 0.000000000000000000e+00
5.391723550054200453e-01 -8.421954473861213986e-01 0.000000000000000000e+00 -4.336273662201080015e+00 8.421954473861213986e-01 5.391723550054200453e-01 0.000000000000000000e+00 -1.592506588162511116e-01 0.000000000000000000e+00 0.000000000000000000e+00 1.000000000000000000e+00 0.000000000000000000e+00
4.269232404512877110e-01 -9.042878671985884464e-01 0.000000000000000000e+00 -4.140713892727888812e+00 9.042878671985884464e-01 4.269232404512877110e-01 0.000000000000000000e+00 -4.052428568787614926e-01 0.000000000000000000e+00 0.000000000000000000e+00 1.000000000000000000e+00 0.000000000000000000e+00
4.058711490009172529e-01 -9.139303093828736735e-01 0.000000000000000000e+00 -3.553473516372797292e+00 9.139303093828736735e-01 4.058711490009172529e-01 0.000000000000000000e+00 -5.713893398543866686e-01 0.000000000000000000e+00 0.000000000000000000e+00 1.000000000000000000e+00 0.000000000000000000e+00
4.728131035887986333e-01 -8.811627369985228775e-01 0.000000000000000000e+00 -3.194666779763065900e+00 8.811627369985228775e-01 4.728131035887986333e-01 0.000000000000000000e+00 -8.678293024018424173e-01 0.000000000000000000e+00 0.000000000000000000e+00 1.000000000000000000e+00 0.000000000000000000e+00
4.649425307888137571e-01 -8.853408626420069538e-01 0.000000000000000000e+00 -2.837594315455229665e+00 8.853408626420069538e-01 4.649425307888137571e-01 0.000000000000000000e+00 -8.674652480607007998e-01 0.000000000000000000e+00 0.000000000000000000e+00 1.000000000000000000e+00 0.000000000000000000e+00
3.442738015333087764e-01 -9.388692931275385289e-01 0.000000000000000000e+00 -2.915963431576001241e+00 9.388692931275385289e-01 3.442738015333087764e-01 0.000000000000000000e+00 -9.974524978736343250e-01 0.000000000000000000e+00 0.000000000000000000e+00 1.000000000000000000e+00 0.000000000000000000e+00
2.293993011729804354e-01 -9.733323998621170592e-01 0.000000000000000000e+00 -2.618463232254612638e+00 9.733323998621170592e-01 2.293993011729804354e-01 0.000000000000000000e+00 -9.700771531489984500e-01 0.000000000000000000e+00 0.000000000000000000e+00 1.000000000000000000e+00 0.000000000000000000e+00
1.065585046331592456e-01 -9.943064341994096722e-01 0.000000000000000000e+00 -2.122249946341014937e+00 9.943064341994096722e-01 1.065585046331592456e-01 0.000000000000000000e+00 -9.545109422669399990e-01 0.000000000000000000e+00 0.000000000000000000e+00 1.000000000000000000e+00 0.000000000000000000e+00
-1.110384588070689321e-01 -9.938161100856389707e-01 0.000000000000000000e+00 -1.713015399229662394e+00 9.938161100856389707e-01 -1.110384588070689321e-01 0.000000000000000000e+00 -8.633867403247876826e-01 0.000000000000000000e+00 0.000000000000000000e+00 1.000000000000000000e+00 0.000000000000000000e+00
-2.721952702677563618e-01 -9.622420354795684361e-01 0.000000000000000000e+00 -1.283427047548720834e+00 9.622420354795684361e-01 -2.721952702677563618e-01 0.000000000000000000e+00 -7.862471583187198299e-01 0.000000000000000000e+00 0.000000000000000000e+00 1.000000000000000000e+00 0.000000000000000000e+00
-4.105260924036238657e-01 -9.118488512115433542e-01 0.000000000000000000e+00 -9.795750849316293696e-01 9.118488512115433542e-01 -4.105260924036238657e-01 0.000000000000000000e+00 -5.778375148894815405e-01 0.000000000000000000e+00 0.000000000000000000e+00 1.000000000000000000e+00 0.000000000000000000e+00
-5.594684389437281080e-01 -8.288516548972245657e-01 0.000000000000000000e+00 -8.154224222876252925e-01 8.288516548972245657e-01 -5.594684389437281080e-01 0.000000000000000000e+00 -3.183032314243586791e-01 0.000000000000000000e+00 0.000000000000000000e+00 1.000000000000000000e+00 0.000000000000000000e+00
-6.437926184188669243e-01 -7.652000159888779907e-01 0.000000000000000000e+00 -6.460411771287282168e-01 7.652000159888779907e-01 -6.437926184188669243e-01 0.000000000000000000e+00 -1.206254843730346221e-01 0.000000000000000000e+00 0.000000000000000000e+00 1.000000000000000000e+00 0.000000000000000000e+00
-8.003452442925598209e-01 -5.995393981535181993e-01 0.000000000000000000e+00 -3.902666067858024945e-01 5.995393981535181993e-01 -8.003452442925598209e-01 0.000000000000000000e+00 2.190498857442669534e-01 0.000000000000000000e+00 0.000000000000000000e+00 1.000000000000000000e+00 0.000000000000000000e+00
-8.961568793458595250e-01 -4.437373633142588369e-01 0.000000000000000000e+00 -7.683308070059136075e-02 4.437373633142588369e-01 -8.961568793458595250e-01 0.000000000000000000e+00 6.267031451926048380e-01 0.000000000000000000e+00 0.000000000000000000e+00 1.000000000000000000e+00 0.000000000000000000e+00
9.243218279754987776e-01 3.816138864454915458e-01 0.000000000000000000e+00 4.714519451784809911e-02 -3.816138864454915458e-01 9.243218279754987776e-01 0.000000000000000000e+00 9.456196480618297429e-01 0.000000000000000000e+00 0.000000000000000000e+00 1.000000000000000000e+00 0.000000000000000000e+00
9.583037456287319955e-01 2.857515198803717849e-01 0.000000000000000000e+00 1.725963527891182236e-01 -2.857515198803717849e-01 9.583037456287319955e-01 0.000000000000000000e+00 1.470587683559299030e+00 0.000000000000000000e+00 0.000000000000000000e+00 1.000000000000000000e+00 0.000000000000000000e+00
9.743366851596823031e-01 2.250955884775222293e-01 0.000000000000000000e+00 2.584991834686116152e-01 -2.250955884775222293e-01 9.743366851596823031e-01 0.000000000000000000e+00 1.876593264250452364e+00 0.000000000000000000e+00 0.000000000000000000e+00 1.000000000000000000e+00 0.000000000000000000e+00
9.999904095026708184e-01 4.379600744437282638e-03 0.000000000000000000e+00 3.944705575827639477e-01 -4.379600744437282638e-03 9.999904095026708184e-01 0.000000000000000000e+00 2.113500814146192397e+00 0.000000000000000000e+00 0.000000000000000000e+00 1.000000000000000000e+00 0.000000000000000000e+00
9.818821505472267175e-01 -1.894925920366100913e-01 0.000000000000000000e+00 1.805890139140476358e-01 1.894925920366100913e-01 9.818821505472267175e-01 0.000000000000000000e+00 2.551999310550399969e+00 0.000000000000000000e+00 0.000000000000000000e+00 1.000000000000000000e+00 0.000000000000000000e+00
9.395242503678647994e-01 -3.424823834457790817e-01 0.000000000000000000e+00 5.595943445312039771e-03 3.424823834457790817e-01 9.395242503678647994e-01 0.000000000000000000e+00 3.006966521685034532e+00 0.000000000000000000e+00 0.000000000000000000e+00 1.000000000000000000e+00 0.000000000000000000e+00
8.684016121958700873e-01 -4.958615128598040656e-01 0.000000000000000000e+00 -2.742862058947859172e-01 4.958615128598040656e-01 8.684016121958700873e-01 0.000000000000000000e+00 3.291980969475478691e+00 0.000000000000000000e+00 0.000000000000000000e+00 1.000000000000000000e+00 0.000000000000000000e+00
7.735122076617994002e-01 -6.337814012718969714e-01 0.000000000000000000e+00 -4.136251683320161798e-01 6.337814012718969714e-01 7.735122076617994002e-01 0.000000000000000000e+00 3.737970270592867461e+00 0.000000000000000000e+00 0.000000000000000000e+00 1.000000000000000000e+00 0.000000000000000000e+00
7.650660202489728556e-01 -6.439518496443645823e-01 0.000000000000000000e+00 -5.871500298867161627e-01 6.439518496443645823e-01 7.650660202489728556e-01 0.000000000000000000e+00 4.136554804494379844e+00 0.000000000000000000e+00 0.000000000000000000e+00 1.000000000000000000e+00 0.000000000000000000e+00
7.488021214796574121e-01 -6.627936201168236341e-01 0.000000000000000000e+00 -9.189734974355834307e-01 6.627936201168236341e-01 7.488021214796574121e-01 0.000000000000000000e+00 4.595489053701115267e+00 0.000000000000000000e+00 0.000000000000000000e+00 1.000000000000000000e+00 0.000000000000000000e+00
-7.596808874306397730e-01 6.502960474065605512e-01 0.000000000000000000e+00 -8.310447392401941746e-01 -6.502960474065605512e-01 -7.596808874306397730e-01 0.000000000000000000e+00 4.454022662288265266e+00 0.000000000000000000e+00 0.000000000000000000e+00 1.000000000000000000e+00 0.000000000000000000e+00
6.343315035959913306e-01 -7.730611512329724766e-01 0.000000000000000000e+00 -1.403635171104151702e+00 7.730611512329724766e-01 6.343315035959913306e-01 0.000000000000000000e+00 4.915155767773588202e+00 0.000000000000000000e+00 0.000000000000000000e+00 1.000000000000000000e+00 0.000000000000000000e+00
4.771967495788755342e-01 -8.787964850813616557e-01 0.000000000000000000e+00 -1.784675291835162492e+00 8.787964850813616557e-01 4.771967495788755342e-01 0.000000000000000000e+00 5.139757598452959542e+00 0.000000000000000000e+00 0.000000000000000000e+00 1.000000000000000000e+00 0.000000000000000000e+00
3.838023401159929571e-01 -9.234152715444376991e-01 0.000000000000000000e+00 -2.219254801516269193e+00 9.234152715444376991e-01 3.838023401159929571e-01 0.000000000000000000e+00 5.493152169988692712e+00 0.000000000000000000e+00 0.000000000000000000e+00 1.000000000000000000e+00 0.000000000000000000e+00
2.774758136961118504e-01 -9.607326229569185250e-01 0.000000000000000000e+00 -2.681630061697526823e+00 9.607326229569185250e-01 2.774758136961118504e-01 0.000000000000000000e+00 5.779195178417834811e+00 0.000000000000000000e+00 0.000000000000000000e+00 1.000000000000000000e+00 0.000000000000000000e+00
2.144278791133657214e-01 -9.767398244460721024e-01 0.000000000000000000e+00 -3.166260016082397044e+00 9.767398244460721024e-01 2.144278791133657214e-01 0.000000000000000000e+00 5.833352260168011227e+00 0.000000000000000000e+00 0.000000000000000000e+00 1.000000000000000000e+00 0.000000000000000000e+00
1.831434954344269006e-01 -9.830861915824370412e-01 0.000000000000000000e+00 -3.549892229930043275e+00 9.830861915824370412e-01 1.831434954344269006e-01 0.000000000000000000e+00 5.875770652629758395e+00 0.000000000000000000e+00 0.000000000000000000e+00 1.000000000000000000e+00 0.000000000000000000e+00
5.709798103910239397e-02 -9.983685795142284158e-01 0.000000000000000000e+00 -4.060269151424217071e+00 9.983685795142284158e-01 5.709798103910239397e-02 0.000000000000000000e+00 6.188598162432358052e+00 0.000000000000000000e+00 0.000000000000000000e+00 1.000000000000000000e+00 0.000000000000000000e+00
-7.163039436587276265e-02 -9.974312440479241593e-01 0.000000000000000000e+00 -4.533092354291571091e+00 9.974312440479241593e-01 -7.163039436587276265e-02 0.000000000000000000e+00 6.169441562232567122e+00 0.000000000000000000e+00 0.000000000000000000e+00 1.000000000000000000e+00 0.000000000000000000e+00
-1.010203367168310690e-01 -9.948843609031242652e-01 0.000000000000000000e+00 -5.109218943154406389e+00 9.948843609031242652e-01 -1.010203367168310690e-01 0.000000000000000000e+00 6.163457931680683011e+00 0.000000000000000000e+00 0.000000000000000000e+00 1.000000000000000000e+00 0.000000000000000000e+00
-1.859407641740454253e-01 -9.825609559810383198e-01 0.000000000000000000e+00 -5.555111265837460621e+00 9.825609559810383198e-01 -1.859407641740454253e-01 0.000000000000000000e+00 6.208632324406829994e+00 0.000000000000000000e+00 0.000000000000000000e+00 1.000000000000000000e+00 0.000000000000000000e+00
-1.594097887702912997e-01 -9.872124995380736623e-01 0.000000000000000000e+00 -5.997080001292057538e+00 9.872124995380736623e-01 -1.594097887702912997e-01 0.000000000000000000e+00 6.047111834112560480e+00 0.000000000000000000e+00 0.000000000000000000e+00 1.000000000000000000e+00 0.000000000000000000e+00
-3.528322041232244133e-01 -9.356866119238573809e-01 0.000000000000000000e+00 -6.459888874528700420e+00 9.356866119238573809e-01 -3.528322041232244133e-01 0.000000000000000000e+00 6.022352357644540355e+00 0.000000000000000000e+00 0.000000000000000000e+00 1.000000000000000000e+00 0.000000000000000000e+00
-4.032865834277694073e-01 -9.150737301590275985e-01 0.000000000000000000e+00 -6.747991279917010310e+00 9.150737301590275985e-01 -4.032865834277694073e-01 0.000000000000000000e+00 6.049881997615512041e+00 0.000000000000000000e+00 0.000000000000000000e+00 1.000000000000000000e+00 0.000000000000000000e+00
-5.029600148509753010e-01 -8.643096803004735040e-01 0.000000000000000000e+00 -7.060166809940918498e+00 8.643096803004735040e-01 -5.029600148509753010e-01 0.000000000000000000e+00 5.804357217212994691e+00 0.000000000000000000e+00 0.000000000000000000e+00 1.000000000000000000e+00 0.000000000000000000e+00
-5.876718854020553939e-01 -8.090993481075073879e-01 0.000000000000000000e+00 -7.594317806611085686e+00 8.090993481075073879e-01 -5.876718854020553939e-01 0.000000000000000000e+00 5.729017409124253390e+00 0.000000000000000000e+00 0.000000000000000000e+00 1.000000000000000000e+00 0.000000000000000000e+00
-6.857407919703439880e-01 -7.278458396033361533e-01 0.000000000000000000e+00 -8.069872365842503115e+00 7.278458396033361533e-01 -6.857407919703439880e-01 0.000000000000000000e+00 5.410133699198389934e+00 0.000000000000000000e+00 0.000000000000000000e+00 1.000000000000000000e+00 0.000000000000000000e+00
-7.477398360730987958e-01 -6.639918203934257468e-01 0.000000000000000000e+00 -8.287660721624899196e+00 6.639918203934257468e-01 -7.477398360730987958e-01 0.000000000000000000e+00 5.097404393578599091e+00 0.000000000000000000e+00 0.000000000000000000e+00 1.000000000000000000e+00 0.000000000000000000e+00
-9.508513884646689895e-01 -3.096476014032906177e-01 0.000000000000000000e+00 -8.621410718426936626e+00 3.096476014032906177e-01 -9.508513884646689895e-01 0.000000000000000000e+00 4.689212904048257080e+00 0.000000000000000000e+00 0.000000000000000000e+00 1.000000000000000000e+00 0.000000000000000000e+00
-9.778308268685842464e-01 -2.093964517977819073e-01 0.000000000000000000e+00 -8.765082899868550825e+00 2.093964517977819073e-01 -9.778308268685842464e-01 0.000000000000000000e+00 4.338259212444252277e+00 0.000000000000000000e+00 0.000000000000000000e+00 1.000000000000000000e+00 0.000000000000000000e+00
1.427869137598161420e-01 -9.897534527643472302e-01 0.000000000000000000e+00 -8.659519037476171022e+00 9.897534527643472302e-01 1.427869137598161420e-01 0.000000000000000000e+00 4.431366816983770995e+00 0.000000000000000000e+00 0.000000000000000000e+00 1.000000000000000000e+00 0.000000000000000000e+00
-9.677219162744331582e-01 2.520204213196600151e-01 0.000000000000000000e+00 -8.573336713360534489e+00 -2.520204213196600151e-01 -9.677219162744331582e-01 0.000000000000000000e+00 4.048633636274945324e+00 0.000000000000000000e+00 0.000000000000000000e+00 1.000000000000000000e+00 0.000000000000000000e+00
-8.367461708729790892e-01 5.475909472675815071e-01 0.000000000000000000e+00 -8.499065432940380305e+00 -5.475909472675815071e-01 -8.367461708729790892e-01 0.000000000000000000e+00 3.697297218357349369e+00 0.000000000000000000e+00 0.000000000000000000e+00 1.000000000000000000e+00 0.000000000000000000e+00
-6.338962209434476636e-01 7.734181152996196795e-01 0.000000000000000000e+00 -8.218307890928603143e+00 -7.734181152996196795e-01 -6.338962209434476636e-01 0.000000000000000000e+00 3.289213410009210747e+00 0.000000000000000000e+00 0.000000000000000000e+00 1.000000000000000000e+00 0.000000000000000000e+00
-3.068059009473956822e-01 9.517721046258168505e-01 0.000000000000000000e+00 -7.773631636322066996e+00 -9.517721046258168505e-01 -3.068059009473956822e-01 0.000000000000000000e+00 3.098394928670794801e+00 0.000000000000000000e+00 0.000000000000000000e+00 1.000000000000000000e+00 0.000000000000000000e+00
-1.952443648502033557e-02 9.998093800219831628e-01 0.000000000000000000e+00 -7.282861569947971070e+00 -9.998093800219831628e-01 -1.952443648502033557e-02 0.000000000000000000e+00 3.187206267657753944e+00 0.000000000000000000e+00 0.000000000000000000e+00 1.000000000000000000e+00 0.000000000000000000e+00
1.560209888112557841e-01 9.877537400842165694e-01 0.000000000000000000e+00 -6.646848903589678947e+00 -9.877537400842165694e-01 1.560209888112557841e-01 0.000000000000000000e+00 3.214236833389541914e+00 0.000000000000000000e+00 0.000000000000000000e+00 1.000000000000000000e+00 0.000000000000000000e+00
3.906556026698607686e-01 9.205369086042383131e-01 0.000000000000000000e+00 -6.139527878594536858e+00 -9.205369086042383131e-01 3.906556026698607686e-01 0.000000000000000000e+00 3.393699347687501700e+00 0.000000000000000000e+00 0.000000000000000000e+00 1.000000000000000000e+00 0.000000000000000000e+00
6.731490883927683244e-01 7.395067983433181169e-01 0.000000000000000000e+00 -5.979707666276406819e+00 -7.395067983433181169e-01 6.731490883927683244e-01 0.000000000000000000e+00 3.714447583336988767e+00 0.000000000000000000e+00 0.000000000000000000e+00 1.000000000000000000e+00 0.000000000000000000e+00
8.870733622040822830e-01 4.616284762316391066e-01 0.000000000000000000e+00 -5.799708969377977752e+00 -4.616284762316391066e-01 8.870733622040822830e-01 0.000000000000000000e+00 4.172344805894891984e+00 0.000000000000000000e+00 0.000000000000000000e+00 1.000000000000000000e+00 0.000000000000000000e+00
-9.942003466853753801e-01 -1.075438080536453150e-01 0.000000000000000000e+00 -5.600419610417295857e+00 1.075438080536453150e-01 -9.942003466853753801e-01 0.000000000000000000e+00 4.591774343920413060e+00 0.000000000000000000e+00 0.000000000000000000e+00 1.000000000000000000e+00 0.000000000000000000e+00
-9.898318608670572116e-01 1.422423537925980586e-01 0.000000000000000000e+00 -5.744672877466833860e+00 -1.422423537925980586e-01 -9.898318608670572116e-01 0.000000000000000000e+00 5.281405131461559321e+00 0.000000000000000000e+00 0.000000000000000000e+00 1.000000000000000000e+00 0.000000000000000000e+00
-8.778783721998268952e-01 4.788836639767348191e-01 0.000000000000000000e+00 -5.990245289471716639e+00 -4.788836639767348191e-01 -8.778783721998268952e-01 0.000000000000000000e+00 5.682751783778229537e+00 0.000000000000000000e+00 0.000000000000000000e+00 1.000000000000000000e+00 0.000000000000000000e+00
-7.051095460320053743e-01 7.090983909829011722e-01 0.000000000000000000e+00 -6.153754244082642266e+00 -7.090983909829011722e-01 -7.051095460320053743e-01 0.000000000000000000e+00 6.185851877694801715e+00 0.000000000000000000e+00 0.000000000000000000e+00 1.000000000000000000e+00 0.000000000000000000e+00
-4.731696913213029321e-01 8.809713066921662783e-01 0.000000000000000000e+00 -6.481259268773454707e+00 -8.809713066921662783e-01 -4.731696913213029321e-01 0.000000000000000000e+00 6.393985337801693092e+00 0.000000000000000000e+00 0.000000000000000000e+00 1.000000000000000000e+00 0.000000000000000000e+00
-1.003054676993146987e-01 9.949566890823046128e-01 0.000000000000000000e+00 -6.992958701078354267e+00 -9.949566890823046128e-01 -1.003054676993146987e-01 0.000000000000000000e+00 6.578741019464839468e+00 0.000000000000000000e+00 0.000000000000000000e+00 1.000000000000000000e+00 0.000000000000000000e+00
1.823912925188476142e-01 9.832260250895030751e-01 0.000000000000000000e+00 -7.375509624237667872e+00 -9.832260250895030751e-01 1.823912925188476142e-01 0.000000000000000000e+00 6.671680404153388366e+00 0.000000000000000000e+00 0.000000000000000000e+00 1.000000000000000000e+00 0.000000000000000000e+00
6.805452446796748101e-01 7.327060597155462540e-01 0.000000000000000000e+00 -7.780402307187951116e+00 -7.327060597155462540e-01 6.805452446796748101e-01 0.000000000000000000e+00 6.519452335210189631e+00 0.000000000000000000e+00 0.000000000000000000e+00 1.000000000000000000e+00 0.000000000000000000e+00
8.752374602417181126e-01 4.836934857837418833e-01 0.000000000000000000e+00 -8.114525775907216243e+00 -4.836934857837418833e-01 8.752374602417181126e-01 0.000000000000000000e+00 6.283821898001249906e+00 0.000000000000000000e+00 0.000000000000000000e+00 1.000000000000000000e+00 0.000000000000000000e+00
9.551553212297012596e-01 2.961052386003770187e-01 0.000000000000000000e+00 -8.202892735377991684e+00 -2.961052386003770187e-01 9.551553212297012596e-01 0.000000000000000000e+00 5.927696627893744186e+00 0.000000000000000000e+00 0.000000000000000000e+00 1.000000000000000000e+00 0.000000000000000000e+00
9.999979263640140781e-01 2.036484144769629741e-03 0.000000000000000000e+00 -8.199738642021005219e+00 -2.036484144769629741e-03 9.999979263640140781e-01 0.000000000000000000e+00 5.948506935104215465e+00 0.000000000000000000e+00 0.000000000000000000e+00 1.000000000000000000e+00 0.000000000000000000e+00
9.997512361742239007e-01 2.230394064086461264e-02 0.000000000000000000e+00 -8.225865751725388364e+00 -2.230394064086461264e-02 9.997512361742239007e-01 0.000000000000000000e+00 5.437399352002548980e+00 0.000000000000000000e+00 0.000000000000000000e+00 1.000000000000000000e+00 0.000000000000000000e+00
9.901131784377775746e-01 -1.402707877066413367e-01 0.000000000000000000e+00 -8.292641827471646465e+00 1.402707877066413367e-01 9.901131784377775746e-01 0.000000000000000000e+00 4.917178019094008867e+00 0.000000000000000000e+00 0.000000000000000000e+00 1.000000000000000000e+00 0.000000000000000000e+00
9.561129947429098941e-01 -2.929981933113998682e-01 0.000000000000000000e+00 -8.202344434529504014e+00 2.929981933113998682e-01 9.561129947429098941e-01 0.000000000000000000e+00 4.408151860741980066e+00 0.000000000000000000e+00 0.000000000000000000e+00 1.000000000000000000e+00 0.000000000000000000e+00
9.210399759941155784e-01 -3.894680508344156578e-01 0.000000000000000000e+00 -8.109071587328838149e+00 3.894680508344156578e-01 9.210399759941155784e-01 0.000000000000000000e+00 4.002795977693299534e+00 0.000000000000000000e+00 0.000000000000000000e+00 1.000000000000000000e+00 0.000000000000000000e+00
8.538655526234883997e-01 -5.204936292049929802e-01 0.000000000000000000e+00 -7.852446176931071165e+00 5.204936292049929802e-01 8.538655526234883997e-01 0.000000000000000000e+00 3.470338086358862206e+00 0.000000000000000000e+00 0.000000000000000000e+00 1.000000000000000000e+00 0.000000000000000000e+00
8.729661305503328972e-01 -4.877808267162405120e-01 0.000000000000000000e+00 -7.504225574406329535e+00 4.877808267162405120e-01 8.729661305503328972e-01 0.000000000000000000e+00 2.940931459990259622e+00 0.000000000000000000e+00 0.000000000000000000e+00 1.000000000000000000e+00 0.000000000000000000e+00
8.406945769931003509e-01 -5.415095827539824214e-01 0.000000000000000000e+00 -7.107035228931113835e+00 5.415095827539824214e-01 8.406945769931003509e-01 0.000000000000000000e+00 2.359861159687991261e+00 0.000000000000000000e+00 0.000000000000000000e+00 1.000000000000000000e+00 0.000000000000000000e+00
7.780376456972030175e-01 -6.282176548601237087e-01 0.000000000000000000e+00 -6.866352307721396819e+00 6.282176548601237087e-01 7.780376456972030175e-01 0.000000000000000000e+00 1.995970840826044812e+00 0.000000000000000000e+00 0.000000000000000000e+00 1.000000000000000000e+00 0.000000000000000000e+00
6.410740797380863887e-01 -7.674790057636532437e-01 0.000000000000000000e+00 -6.497260505068887859e+00 7.674790057636532437e-01 6.410740797380863887e-01 0.000000000000000000e+00 1.576237077732927760e+00 0.000000000000000000e+00 0.000000000000000000e+00 1.000000000000000000e+00 0.000000000000000000e+00
6.761216003259680196e-01 -7.367900525744439655e-01 0.000000000000000000e+00 -6.028843200025307603e+00 7.367900525744439655e-01 6.761216003259680196e-01 0.000000000000000000e+00 1.162711803806957045e+00 0.000000000000000000e+00 0.000000000000000000e+00 1.000000000000000000e+00 0.000000000000000000e+00
7.407111548115168365e-01 -6.718236265105516081e-01 0.000000000000000000e+00 -5.654113314713362648e+00 6.718236265105516081e-01 7.407111548115168365e-01 0.000000000000000000e+00 9.010391721901239714e-01 0.000000000000000000e+00 0.000000000000000000e+00 1.000000000000000000e+00 0.000000000000000000e+00
7.300569499102383952e-01 -6.833863108723788882e-01 0.000000000000000000e+00 -5.317973457514949764e+00 6.833863108723788882e-01 7.300569499102383952e-01 0.000000000000000000e+00 4.493225699962696829e-01 0.000000000000000000e+00 0.000000000000000000e+00 1.000000000000000000e+00 0.000000000000000000e+00
6.228715042574826111e-01 -7.823241586350384580e-01 0.000000000000000000e+00 -4.981230579609811748e+00 7.823241586350384580e-01 6.228715042574826111e-01 0.000000000000000000e+00 1.549646844242400789e-01 0.000000000000000000e+00 0.000000000000000000e+00 1.000000000000000000e+00 0.000000000000000000e+00
5.472415046359196955e-01 -8.369747520707029320e-01 0.000000000000000000e+00 -4.483977453046835038e+00 8.369747520707029320e-01 5.472415046359196955e-01 0.000000000000000000e+00 -2.645307666376051081e-01 0.000000000000000000e+00 0.000000000000000000e+00 1.000000000000000000e+00 0.000000000000000000e+00
3.554342464662893497e-01 -9.347012872778881487e-01 0.000000000000000000e+00 -4.154042257979017272e+00 9.347012872778881487e-01 3.554342464662893497e-01 0.000000000000000000e+00 -7.070619957348244222e-01 0.000000000000000000e+00 0.000000000000000000e+00 1.000000000000000000e+00 0.000000000000000000e+00
4.243853753706388621e-01 -9.054816691526791361e-01 0.000000000000000000e+00 -3.638755146362174564e+00 9.054816691526791361e-01 4.243853753706388621e-01 0.000000000000000000e+00 -8.650480772506337068e-01 0.000000000000000000e+00 0.000000000000000000e+00 1.000000000000000000e+00 0.000000000000000000e+00
5.685996722787646229e-01 -8.226143766580313876e-01 0.000000000000000000e+00 -3.128603715119411266e+00 8.226143766580313876e-01 5.685996722787646229e-01 0.000000000000000000e+00 -1.068203808144995826e+00 0.000000000000000000e+00 0.000000000000000000e+00 1.000000000000000000e+00 0.000000000000000000e+00
4.724054598051608544e-01 -8.813813485355102006e-01 0.000000000000000000e+00 -2.540266404831874603e+00 8.813813485355102006e-01 4.724054598051608544e-01 0.000000000000000000e+00 -1.445691385510937010e+00 0.000000000000000000e+00 0.000000000000000000e+00 1.000000000000000000e+00 0.000000000000000000e+00
4.519625287621847343e-01 -8.920369233360754269e-01 0.000000000000000000e+00 -2.072507083366813774e+00 8.920369233360754269e-01 4.519625287621847343e-01 0.000000000000000000e+00 -1.466481442862240137e+00 0.000000000000000000e+00 0.000000000000000000e+00 1.000000000000000000e+00 0.000000000000000000e+00
3.433308721147633191e-01 -9.392145187617768620e-01 0.000000000000000000e+00 -2.094022372803815202e+00 9.392145187617768620e-01 3.433308721147633191e-01 0.000000000000000000e+00 -1.516312696963855178e+00 0.000000000000000000e+00 0.000000000000000000e+00 1.000000000000000000e+00 0.000000000000000000e+00
2.560415706654635692e-01 -9.666657716559340363e-01 0.000000000000000000e+00 -1.622699618166869362e+00 9.666657716559340363e-01 2.560415706654635692e-01 0.000000000000000000e+00 -1.605668389032614884e+00 0.000000000000000000e+00 0.000000000000000000e+00 1.000000000000000000e+00 0.000000000000000000e+00
1.088554516090838586e-01 -9.940575892044597461e-01 0.000000000000000000e+00 -1.234429137085598427e+00 9.940575892044597461e-01 1.088554516090838586e-01 0.000000000000000000e+00 -1.482259521883461995e+00 0.000000000000000000e+00 0.000000000000000000e+00 1.000000000000000000e+00 0.000000000000000000e+00
-7.160822754320447792e-02 -9.974328357078088292e-01 0.000000000000000000e+00 -7.955489620726938771e-01 9.974328357078088292e-01 -7.160822754320447792e-02 0.000000000000000000e+00 -1.335255594904199095e+00 0.000000000000000000e+00 0.000000000000000000e+00 1.000000000000000000e+00 0.000000000000000000e+00
-2.721391384348396669e-01 -9.622579120651298945e-01 0.000000000000000000e+00 -3.062850993549323109e-01 9.622579120651298945e-01 -2.721391384348396669e-01 0.000000000000000000e+00 -1.258789117084925691e+00 0.000000000000000000e+00 0.000000000000000000e+00 1.000000000000000000e+00 0.000000000000000000e+00
-4.283414198105650605e-01 -9.036169697801548217e-01 0.000000000000000000e+00 -6.916256006472913664e-02 9.036169697801548217e-01 -4.283414198105650605e-01 0.000000000000000000e+00 -9.980364852342460402e-01 0.000000000000000000e+00 0.000000000000000000e+00 1.000000000000000000e+00 0.000000000000000000e+00
-5.576883846954777679e-01 -8.300503994190646662e-01 0.000000000000000000e+00 2.115419927568982505e-01 8.300503994190646662e-01 -5.576883846954777679e-01 0.000000000000000000e+00 -7.658015433231935010e-01 0.000000000000000000e+00 0.000000000000000000e+00 1.000000000000000000e+00 0.000000000000000000e+00
-6.868861470475350339e-01 -7.267650383681043547e-01 0.000000000000000000e+00 4.592869839064944171e-01 7.267650383681043547e-01 -6.868861470475350339e-01 0.000000000000000000e+00 -5.806304270467059769e-01 0.000000000000000000e+00 0.000000000000000000e+00 1.000000000000000000e+00 0.000000000000000000e+00
-8.017019770262562295e-01 -5.977239664194436974e-01 0.000000000000000000e+00 6.853512509829138288e-01 5.977239664194436974e-01 -8.017019770262562295e-01 0.000000000000000000e+00 -1.806960962728866305e-01 0.000000000000000000e+00 0.000000000000000000e+00 1.000000000000000000e+00 0.000000000000000000e+00
-8.641369547111762417e-01 -5.032567172949552470e-01 0.000000000000000000e+00 9.142065917222162996e-01 5.032567172949552470e-01 -8.641369547111762417e-01 0.000000000000000000e+00 8.948045057363021582e-02 0.000000000000000000e+00 0.000000000000000000e+00 1.000000000000000000e+00 0.000000000000000000e+00
9.243898749869914333e-01 3.814490254562650229e-01 0.000000000000000000e+00 1.114095214674996948e+00 -3.814490254562650229e-01 9.243898749869914333e-01 0.000000000000000000e+00 5.202285750351925975e-01 0.000000000000000000e+00 0.000000000000000000e+00 1.000000000000000000e+00 0.000000000000000000e+00
9.559838677457046519e-01 2.934192301297975924e-01 0.000000000000000000e+00 1.180767092997125456e+00 -2.934192301297975924e-01 9.559838677457046519e-01 0.000000000000000000e+00 9.001589839234738211e-01 0.000000000000000000e+00 0.000000000000000000e+00 1.000000000000000000e+00 0.000000000000000000e+00
9.742493132474663309e-01 2.254734477423897820e-01 0.000000000000000000e+00 1.264067032020555370e+00 -2.254734477423897820e-01 9.742493132474663309e-01 0.000000000000000000e+00 1.347400996880317559e+00 0.000000000000000000e+00 0.000000000000000000e+00 1.000000000000000000e+00 0.000000000000000000e+00
9.967714202137654134e-01 8.029156770815391864e-02 0.000000000000000000e+00 1.318191752954042562e+00 -8.029156770815391864e-02 9.967714202137654134e-01 0.000000000000000000e+00 1.931277414284329863e+00 0.000000000000000000e+00 0.000000000000000000e+00 1.000000000000000000e+00 0.000000000000000000e+00
9.827347261763182962e-01 -1.850201555700261846e-01 0.000000000000000000e+00 1.222773095215071937e+00 1.850201555700261846e-01 9.827347261763182962e-01 0.000000000000000000e+00 2.175321393397573022e+00 0.000000000000000000e+00 0.000000000000000000e+00 1.000000000000000000e+00 0.000000000000000000e+00
9.472776207732078735e-01 -3.204139653358612505e-01 0.000000000000000000e+00 1.099803070343418288e+00 3.204139653358612505e-01 9.472776207732078735e-01 0.000000000000000000e+00 2.524848451714027497e+00 0.000000000000000000e+00 0.000000000000000000e+00 1.000000000000000000e+00 0.000000000000000000e+00
8.683651875049847035e-01 -4.959252979324939026e-01 0.000000000000000000e+00 7.330692277683634739e-01 4.959252979324939026e-01 8.683651875049847035e-01 0.000000000000000000e+00 2.971211890230623709e+00 0.000000000000000000e+00 0.000000000000000000e+00 1.000000000000000000e+00 0.000000000000000000e+00
8.279015558332958324e-01 -5.608734383520119771e-01 0.000000000000000000e+00 4.273393758894710737e-01 5.608734383520119771e-01 8.279015558332958324e-01 0.000000000000000000e+00 3.484710842785558427e+00 0.000000000000000000e+00 0.000000000000000000e+00 1.000000000000000000e+00 0.000000000000000000e+00
7.647833886124513203e-01 -6.442874890159331347e-01 0.000000000000000000e+00 3.254758924096167738e-01 6.442874890159331347e-01 7.647833886124513203e-01 0.000000000000000000e+00 3.723341515830775439e+00 0.000000000000000000e+00 0.000000000000000000e+00 1.000000000000000000e+00 0.000000000000000000e+00
-6.812364782629608539e-01 7.320634266809663560e-01 0.000000000000000000e+00 -1.512127742014175158e-01 -7.320634266809663560e-01 -6.812364782629608539e-01 0.000000000000000000e+00 3.986823448570405048e+00 0.000000000000000000e+00 0.000000000000000000e+00 1.000000000000000000e+00 0.000000000000000000e+00
